{
 "cells": [
  {
   "cell_type": "code",
   "execution_count": 1393,
   "metadata": {},
   "outputs": [
    {
     "name": "stdout",
     "output_type": "stream",
     "text": [
      "PQ 5 8\n",
      "(5, 6) (6,) (6, 7)\n",
      "(5, 5) (5,) (5, 7)\n",
      "Matrix True\n",
      "InvI [[ 0.94447615  0.03299484  0.16526108  0.05391296 -0.10293845  0.06804356\n",
      "  -0.0768649 ]\n",
      " [ 0.03299484  0.97521251 -0.09759138 -0.04517121  0.02876056 -0.10002837\n",
      "   0.02621168]\n",
      " [ 0.16526108 -0.09759138  0.50804439 -0.15890876  0.31022967 -0.19545685\n",
      "   0.23108908]\n",
      " [ 0.05391296 -0.04517121 -0.15890876  0.91435427  0.0177842  -0.21715391\n",
      "   0.02528638]\n",
      " [-0.10293845  0.02876056  0.31022967  0.0177842   0.60638972 -0.24668588\n",
      "  -0.2642822 ]\n",
      " [ 0.06804356 -0.10002837 -0.19545685 -0.21715391 -0.24668588  0.2310695\n",
      "  -0.12972147]\n",
      " [-0.0768649   0.02621168  0.23108908  0.02528638 -0.2642822  -0.12972147\n",
      "   0.82045348]]\n",
      "Error:  5.559713776130884e-15\n",
      "INvC [[ 0.94447615  0.03299484  0.16526108  0.05391296 -0.10293845  0.06804356\n",
      "  -0.0768649 ]\n",
      " [ 0.03299484  0.97521251 -0.09759138 -0.04517121  0.02876056 -0.10002837\n",
      "   0.02621168]\n",
      " [ 0.16526108 -0.09759138  0.50804439 -0.15890876  0.31022967 -0.19545685\n",
      "   0.23108908]\n",
      " [ 0.05391296 -0.04517121 -0.15890876  0.91435427  0.0177842  -0.21715391\n",
      "   0.02528638]\n",
      " [-0.10293845  0.02876056  0.31022967  0.0177842   0.60638972 -0.24668588\n",
      "  -0.2642822 ]\n",
      " [ 0.06804356 -0.10002837 -0.19545685 -0.21715391 -0.24668588  0.2310695\n",
      "  -0.12972147]\n",
      " [-0.0768649   0.02621168  0.23108908  0.02528638 -0.2642822  -0.12972147\n",
      "   0.82045348]]\n",
      "Error:  5.12990436530442e-15\n"
     ]
    }
   ],
   "source": [
    "p = np.random.randint( 3, 10 )\n",
    "q = np.random.randint( 3, 10 )\n",
    "print( \"PQ\", p, q)\n",
    "\n",
    "# construct a random matrix of size m, n\n",
    "A = np.random.randn( p, q )\n",
    "\n",
    "\n",
    "def downdateEx( A ):\n",
    "\n",
    "    p = A.shape[ 0 ]\n",
    "    q = A.shape[ 1 ]\n",
    "    r = min( p, q )\n",
    "\n",
    "    D = A[ :, -1 ]; D = D.reshape( p, 1 )\n",
    "    \n",
    "    # retrieve a first SVD representation\n",
    "    U, s, Vt = np.linalg.svd( A, full_matrices=False )\n",
    "\n",
    "    Q1, R1 = np.linalg.qr( \n",
    "        np.dot(\n",
    "            np.dot( U, U.T ) - np.identity( p ),\n",
    "            D\n",
    "        )\n",
    "    )\n",
    "\n",
    "    Q2, R2 = np.linalg.qr(\n",
    "        np.dot(\n",
    "            np.identity( q ) - np.dot( Vt.T, Vt ),\n",
    "            np.vstack(\n",
    "                (np.zeros( (q-D.shape[1], D.shape[1] ) ),\n",
    "                np.identity( D.shape[1] ))\n",
    "            )\n",
    "        )\n",
    "    )\n",
    "\n",
    "    l = D.shape[ 1 ]\n",
    "\n",
    "    Q1p = Q1[ :, :l ]\n",
    "    Q2p = Q2[ :, :l ]\n",
    "\n",
    "    R1p = R1[ :l, : ]\n",
    "    R2p = R2[ :l, : ]\n",
    "\n",
    "\n",
    "    K = np.dot(\n",
    "\n",
    "        np.vstack((\n",
    "            -np.dot( U.T, D ),\n",
    "            R1p\n",
    "        )),\n",
    "\n",
    "        np.hstack((\n",
    "            np.dot(\n",
    "                np.hstack((\n",
    "                    np.zeros(( l, q-l )),\n",
    "                    np.identity( l )\n",
    "                )),\n",
    "                Vt.T\n",
    "            ),\n",
    "            np.transpose( R2p )\n",
    "        ))\n",
    "    )\n",
    "\n",
    "    K = K + np.diag( np.append( s, 0 ) )\n",
    "\n",
    "    Uk, sk, Vtk = np.linalg.svd( K, full_matrices=False )\n",
    "\n",
    "\n",
    "    Ud = np.dot(\n",
    "        np.hstack((\n",
    "            U,\n",
    "            Q1p\n",
    "        )),\n",
    "        Uk\n",
    "    )\n",
    "\n",
    "    sd = sk\n",
    "    sd[ abs( sd ) < 1.0e-10 ] = 0\n",
    "\n",
    "    Vd = np.dot(\n",
    "        np.hstack((\n",
    "            Vt.T, Q2p\n",
    "        )),\n",
    "        Vtk.T\n",
    "    )\n",
    "\n",
    "\n",
    "    Vd = Vd[ :q-l, : ]\n",
    "    Vdt = np.transpose( Vd )\n",
    "\n",
    "    return Ud, sd, Vdt\n",
    "    \n",
    "    \n",
    "Ud, sd, Vdt = downdateEx( A )\n",
    "    \n",
    "    \n",
    "print ( Ud.shape, sd.shape, Vdt.shape )\n",
    "nm = Ud.shape[ 0 ]\n",
    "nn = Vdt.shape[ 1 ]\n",
    "nr = min( nm, nn )\n",
    "\n",
    "Ud = Ud[ :, :nr ]\n",
    "sd = sd[ :nr ]\n",
    "Vdt = Vdt[ :nr, : ]\n",
    "print ( Ud.shape, sd.shape, Vdt.shape )\n",
    "    \n",
    "\n",
    "Ai = np.dot( Ud, np.dot( np.diag(sd), Vdt ))\n",
    "Am = A[ :, :-1 ]\n",
    "\n",
    "\n",
    "print( \"Matrix\", np.allclose(  Am, Ai  ) )\n",
    "\n",
    "\n",
    "sx = sd.copy()\n",
    "nzindx = sx > 0; sx[ nzindx ] = 1.0/sx[ nzindx ]\n",
    "\n",
    "print( \"InvI\", np.dot( np.dot( np.transpose(Vdt), np.dot( np.diag( sx ), np.transpose( Ud ) ) ), Am ) )\n",
    "print( \"Error: \", np.linalg.norm(  np.dot( Am, np.dot( \n",
    "    np.dot( np.transpose(Vdt), np.dot( np.diag( sx ), np.transpose( Ud ) ) ), \n",
    "    Am ) ) - Am ) )\n",
    "\n",
    "\n",
    "\n",
    "def svdsolve(Ainp):\n",
    "    u, s, v = np.linalg.svd(Ainp, full_matrices=False)\n",
    "    Ainvo = np.dot (v.T, np.dot(np.diag(s**-1),u.T))\n",
    "    return(Ainvo)\n",
    "\n",
    "print( \"INvC\", np.dot( svdsolve(Am), Am ) )\n",
    "print( \"Error: \", np.linalg.norm(  np.dot( Am, np.dot( svdsolve(Am), Am ) ) - Am ) )\n",
    "\n"
   ]
  },
  {
   "cell_type": "code",
   "execution_count": 29,
   "metadata": {},
   "outputs": [
    {
     "name": "stdout",
     "output_type": "stream",
     "text": [
      "[[10.          0.          0.        ]\n",
      " [ 0.          2.          0.        ]\n",
      " [ 0.          0.          1.11111111]]\n",
      "[[10.          0.          0.        ]\n",
      " [ 0.          2.          0.        ]\n",
      " [ 0.          0.          1.11111111]]\n"
     ]
    }
   ],
   "source": [
    "import numpy as np\n",
    "import numpy.random as rnd\n",
    "import time\n",
    "\n",
    "x = np.arange(1,10, 1).reshape((3,3))*0.1\n",
    "y = np.diag(x)\n",
    "print( np.diag( y**-1 ) )\n",
    "print( np.matrix(np.diag(y)).I )"
   ]
  },
  {
   "cell_type": "code",
   "execution_count": null,
   "metadata": {
    "collapsed": true
   },
   "outputs": [],
   "source": []
  }
 ],
 "metadata": {
  "kernelspec": {
   "display_name": "Python 3",
   "language": "python",
   "name": "python3"
  },
  "language_info": {
   "codemirror_mode": {
    "name": "ipython",
    "version": 3
   },
   "file_extension": ".py",
   "mimetype": "text/x-python",
   "name": "python",
   "nbconvert_exporter": "python",
   "pygments_lexer": "ipython3",
   "version": "3.6.3"
  }
 },
 "nbformat": 4,
 "nbformat_minor": 2
}
